0.000000000000000000e+00,0.000000000000000000e+00,0.000000000000000000e+00,0.000000000000000000e+00,0.000000000000000000e+00,0.000000000000000000e+00,0.000000000000000000e+00,0.000000000000000000e+00,0.000000000000000000e+00,0.000000000000000000e+00,0.000000000000000000e+00,0.000000000000000000e+00,0.000000000000000000e+00,0.000000000000000000e+00,0.000000000000000000e+00,0.000000000000000000e+00,0.000000000000000000e+00,0.000000000000000000e+00,0.000000000000000000e+00,0.000000000000000000e+00,0.000000000000000000e+00,0.000000000000000000e+00,0.000000000000000000e+00,0.000000000000000000e+00,0.000000000000000000e+00,0.000000000000000000e+00,0.000000000000000000e+00,0.000000000000000000e+00,0.000000000000000000e+00,0.000000000000000000e+00,0.000000000000000000e+00,0.000000000000000000e+00,0.000000000000000000e+00,0.000000000000000000e+00,0.000000000000000000e+00,0.000000000000000000e+00,0.000000000000000000e+00,0.000000000000000000e+00,0.000000000000000000e+00,0.000000000000000000e+00
0.000000000000000000e+00,0.000000000000000000e+00,0.000000000000000000e+00,0.000000000000000000e+00,0.000000000000000000e+00,8.761348481988814330e-01,0.000000000000000000e+00,0.000000000000000000e+00,8.991375643826209352e-01,0.000000000000000000e+00,0.000000000000000000e+00,0.000000000000000000e+00,0.000000000000000000e+00,0.000000000000000000e+00,9.447281203194884958e-01,9.143408300647093423e-01,0.000000000000000000e+00,0.000000000000000000e+00,9.586777122488099323e-01,8.893421652640337571e-01,9.225006610594349565e-01,9.079755607873880585e-01,9.183937146484152381e-01,8.687802436432012776e-01,0.000000000000000000e+00,0.000000000000000000e+00,9.086676077764727077e-01,9.729212552343479148e-01,9.286232188871579307e-01,0.000000000000000000e+00,9.032999238104629791e-01,0.000000000000000000e+00,0.000000000000000000e+00,0.000000000000000000e+00,9.445684418625799328e-01,9.629025899532286381e-01,8.832448533998434881e-01,0.000000000000000000e+00,9.288262582486777053e-01,0.000000000000000000e+00
0.000000000000000000e+00,0.000000000000000000e+00,0.000000000000000000e+00,0.000000000000000000e+00,0.000000000000000000e+00,0.000000000000000000e+00,0.000000000000000000e+00,0.000000000000000000e+00,0.000000000000000000e+00,0.000000000000000000e+00,0.000000000000000000e+00,0.000000000000000000e+00,0.000000000000000000e+00,0.000000000000000000e+00,0.000000000000000000e+00,0.000000000000000000e+00,0.000000000000000000e+00,0.000000000000000000e+00,0.000000000000000000e+00,0.000000000000000000e+00,0.000000000000000000e+00,0.000000000000000000e+00,0.000000000000000000e+00,0.000000000000000000e+00,0.000000000000000000e+00,0.000000000000000000e+00,0.000000000000000000e+00,0.000000000000000000e+00,0.000000000000000000e+00,0.000000000000000000e+00,0.000000000000000000e+00,0.000000000000000000e+00,0.000000000000000000e+00,0.000000000000000000e+00,0.000000000000000000e+00,0.000000000000000000e+00,0.000000000000000000e+00,8.613679265063068913e-01,0.000000000000000000e+00,0.000000000000000000e+00
0.000000000000000000e+00,0.000000000000000000e+00,0.000000000000000000e+00,0.000000000000000000e+00,8.919593513407327867e-01,9.033972613857451650e-01,8.697787643252943290e-01,0.000000000000000000e+00,8.964258128646511725e-01,8.679002160380346886e-01,8.658729244781189216e-01,0.000000000000000000e+00,0.000000000000000000e+00,0.000000000000000000e+00,8.749848480812785212e-01,9.162715474535114701e-01,0.000000000000000000e+00,0.000000000000000000e+00,8.647668917754646190e-01,8.652436074429507018e-01,9.051108207797372573e-01,8.977886600902389436e-01,8.700895842420861559e-01,0.000000000000000000e+00,0.000000000000000000e+00,0.000000000000000000e+00,9.071510398425378652e-01,0.000000000000000000e+00,8.679365754571992664e-01,8.858351021800094927e-01,8.677315253340932566e-01,9.405932294878306399e-01,0.000000000000000000e+00,8.624619105552764342e-01,8.570123733382322140e-01,9.009581083517957945e-01,8.849258736272451742e-01,0.000000000000000000e+00,8.996798817015614347e-01,0.000000000000000000e+00
0.000000000000000000e+00,0.000000000000000000e+00,0.000000000000000000e+00,8.919593513407327867e-01,0.000000000000000000e+00,9.402962555491112262e-01,8.824330506662877438e-01,9.021502132822565301e-01,9.422662498878414672e-01,8.518528795823765432e-01,0.000000000000000000e+00,0.000000000000000000e+00,0.000000000000000000e+00,0.000000000000000000e+00,8.930667502666841395e-01,9.280437839023712998e-01,8.890416737156389138e-01,0.000000000000000000e+00,8.795363050852099684e-01,8.534769842014049424e-01,9.427029082733535681e-01,8.543049500124018092e-01,9.150787706066352278e-01,0.000000000000000000e+00,0.000000000000000000e+00,0.000000000000000000e+00,0.000000000000000000e+00,0.000000000000000000e+00,8.675341646715559740e-01,8.800141984172410448e-01,0.000000000000000000e+00,8.970285169429182970e-01,0.000000000000000000e+00,8.848723277859421588e-01,9.123884163097192301e-01,8.960205317242251333e-01,0.000000000000000000e+00,0.000000000000000000e+00,0.000000000000000000e+00,0.000000000000000000e+00
0.000000000000000000e+00,8.761348481988814330e-01,0.000000000000000000e+00,9.033972613857451650e-01,9.402962555491112262e-01,0.000000000000000000e+00,9.569972536629947069e-01,8.992217574555294579e-01,9.302729335657369258e-01,0.000000000000000000e+00,8.628419583381534697e-01,0.000000000000000000e+00,8.857256986598043280e-01,9.118304988072228889e-01,9.297327594163012909e-01,9.546710133616416183e-01,9.196073601334271430e-01,0.000000000000000000e+00,9.111493489973798710e-01,9.117621323498473762e-01,9.848778401417902506e-01,8.744286971772532446e-01,9.086620244172484151e-01,0.000000000000000000e+00,8.739086499340020797e-01,0.000000000000000000e+00,8.713232412267427618e-01,8.750152780975209987e-01,8.910781823844948768e-01,8.871887815149195333e-01,0.000000000000000000e+00,9.351005380064528749e-01,0.000000000000000000e+00,9.089829081999194482e-01,9.386547811921706064e-01,9.195779052296723100e-01,8.564500423228492698e-01,0.000000000000000000e+00,0.000000000000000000e+00,0.000000000000000000e+00
0.000000000000000000e+00,0.000000000000000000e+00,0.000000000000000000e+00,8.697787643252943290e-01,8.824330506662877438e-01,9.569972536629947069e-01,0.000000000000000000e+00,0.000000000000000000e+00,0.000000000000000000e+00,0.000000000000000000e+00,0.000000000000000000e+00,0.000000000000000000e+00,9.307804679583703278e-01,9.441162386964745412e-01,0.000000000000000000e+00,8.925905072941324736e-01,8.769901652160506655e-01,0.000000000000000000e+00,0.000000000000000000e+00,0.000000000000000000e+00,9.214424099329615592e-01,0.000000000000000000e+00,0.000000000000000000e+00,0.000000000000000000e+00,8.557185431027439781e-01,0.000000000000000000e+00,0.000000000000000000e+00,0.000000000000000000e+00,0.000000000000000000e+00,0.000000000000000000e+00,0.000000000000000000e+00,9.258908709826361161e-01,0.000000000000000000e+00,8.798927486599550374e-01,0.000000000000000000e+00,0.000000000000000000e+00,0.000000000000000000e+00,0.000000000000000000e+00,0.000000000000000000e+00,0.000000000000000000e+00
0.000000000000000000e+00,0.000000000000000000e+00,0.000000000000000000e+00,0.000000000000000000e+00,9.021502132822565301e-01,8.992217574555294579e-01,0.000000000000000000e+00,0.000000000000000000e+00,8.534925158564030667e-01,0.000000000000000000e+00,0.000000000000000000e+00,0.000000000000000000e+00,0.000000000000000000e+00,0.000000000000000000e+00,0.000000000000000000e+00,0.000000000000000000e+00,8.846826252071635643e-01,0.000000000000000000e+00,8.548841559269730883e-01,0.000000000000000000e+00,8.904989232384957765e-01,0.000000000000000000e+00,8.511708126578999556e-01,0.000000000000000000e+00,0.000000000000000000e+00,0.000000000000000000e+00,0.000000000000000000e+00,0.000000000000000000e+00,0.000000000000000000e+00,0.000000000000000000e+00,0.000000000000000000e+00,0.000000000000000000e+00,0.000000000000000000e+00,0.000000000000000000e+00,8.616711393714603373e-01,0.000000000000000000e+00,0.000000000000000000e+00,0.000000000000000000e+00,0.000000000000000000e+00,0.000000000000000000e+00
0.000000000000000000e+00,8.991375643826209352e-01,0.000000000000000000e+00,8.964258128646511725e-01,9.422662498878414672e-01,9.302729335657369258e-01,0.000000000000000000e+00,8.534925158564030667e-01,0.000000000000000000e+00,0.000000000000000000e+00,8.747884346210456075e-01,0.000000000000000000e+00,0.000000000000000000e+00,0.000000000000000000e+00,9.551476019183694488e-01,9.656359110483967445e-01,8.591094004308044152e-01,0.000000000000000000e+00,9.437377792183244685e-01,9.177135527372169976e-01,9.547853343270225057e-01,9.123846391298089387e-01,9.585100532358369341e-01,8.837215094622362654e-01,0.000000000000000000e+00,0.000000000000000000e+00,9.267281283506190181e-01,9.305309596016340112e-01,9.426362089383761855e-01,9.304635040566707760e-01,8.781084315672644802e-01,8.868047940263537043e-01,0.000000000000000000e+00,9.111682614901441823e-01,9.589490988926674397e-01,9.672698995238014907e-01,9.194489704969889265e-01,0.000000000000000000e+00,8.972032195723136372e-01,0.000000000000000000e+00
0.000000000000000000e+00,0.000000000000000000e+00,0.000000000000000000e+00,8.679002160380346886e-01,8.518528795823765432e-01,0.000000000000000000e+00,0.000000000000000000e+00,0.000000000000000000e+00,0.000000000000000000e+00,0.000000000000000000e+00,0.000000000000000000e+00,0.000000000000000000e+00,0.000000000000000000e+00,0.000000000000000000e+00,0.000000000000000000e+00,0.000000000000000000e+00,0.000000000000000000e+00,0.000000000000000000e+00,0.000000000000000000e+00,0.000000000000000000e+00,0.000000000000000000e+00,0.000000000000000000e+00,0.000000000000000000e+00,0.000000000000000000e+00,0.000000000000000000e+00,0.000000000000000000e+00,0.000000000000000000e+00,0.000000000000000000e+00,0.000000000000000000e+00,0.000000000000000000e+00,0.000000000000000000e+00,8.620154176835258530e-01,0.000000000000000000e+00,0.000000000000000000e+00,0.000000000000000000e+00,0.000000000000000000e+00,0.000000000000000000e+00,0.000000000000000000e+00,0.000000000000000000e+00,0.000000000000000000e+00
0.000000000000000000e+00,0.000000000000000000e+00,0.000000000000000000e+00,8.658729244781189216e-01,0.000000000000000000e+00,8.628419583381534697e-01,0.000000000000000000e+00,0.000000000000000000e+00,8.747884346210456075e-01,0.000000000000000000e+00,0.000000000000000000e+00,0.000000000000000000e+00,0.000000000000000000e+00,0.000000000000000000e+00,9.217039369894128864e-01,9.351251574314773940e-01,0.000000000000000000e+00,0.000000000000000000e+00,8.514962509671369917e-01,9.218442371481857522e-01,8.883734107274355862e-01,9.252241809445688192e-01,0.000000000000000000e+00,9.642316027586979033e-01,8.595853375173659883e-01,0.000000000000000000e+00,9.293456802596269384e-01,0.000000000000000000e+00,9.384471479427797247e-01,9.320987023592467446e-01,8.761058606903315837e-01,9.048064278815933781e-01,8.617425558660343210e-01,9.515225658837135336e-01,8.695111368638706040e-01,8.967100948355162249e-01,9.144633617994623043e-01,0.000000000000000000e+00,0.000000000000000000e+00,0.000000000000000000e+00
0.000000000000000000e+00,0.000000000000000000e+00,0.000000000000000000e+00,0.000000000000000000e+00,0.000000000000000000e+00,0.000000000000000000e+00,0.000000000000000000e+00,0.000000000000000000e+00,0.000000000000000000e+00,0.000000000000000000e+00,0.000000000000000000e+00,0.000000000000000000e+00,0.000000000000000000e+00,0.000000000000000000e+00,0.000000000000000000e+00,0.000000000000000000e+00,0.000000000000000000e+00,0.000000000000000000e+00,0.000000000000000000e+00,0.000000000000000000e+00,0.000000000000000000e+00,0.000000000000000000e+00,0.000000000000000000e+00,0.000000000000000000e+00,0.000000000000000000e+00,0.000000000000000000e+00,0.000000000000000000e+00,0.000000000000000000e+00,0.000000000000000000e+00,0.000000000000000000e+00,0.000000000000000000e+00,0.000000000000000000e+00,0.000000000000000000e+00,0.000000000000000000e+00,0.000000000000000000e+00,0.000000000000000000e+00,0.000000000000000000e+00,0.000000000000000000e+00,0.000000000000000000e+00,0.000000000000000000e+00
0.000000000000000000e+00,0.000000000000000000e+00,0.000000000000000000e+00,0.000000000000000000e+00,0.000000000000000000e+00,8.857256986598043280e-01,9.307804679583703278e-01,0.000000000000000000e+00,0.000000000000000000e+00,0.000000000000000000e+00,0.000000000000000000e+00,0.000000000000000000e+00,0.000000000000000000e+00,8.868877114016122665e-01,0.000000000000000000e+00,0.000000000000000000e+00,0.000000000000000000e+00,0.000000000000000000e+00,0.000000000000000000e+00,0.000000000000000000e+00,0.000000000000000000e+00,0.000000000000000000e+00,0.000000000000000000e+00,0.000000000000000000e+00,0.000000000000000000e+00,0.000000000000000000e+00,0.000000000000000000e+00,0.000000000000000000e+00,0.000000000000000000e+00,0.000000000000000000e+00,0.000000000000000000e+00,8.705262762672503207e-01,0.000000000000000000e+00,0.000000000000000000e+00,0.000000000000000000e+00,0.000000000000000000e+00,0.000000000000000000e+00,0.000000000000000000e+00,0.000000000000000000e+00,0.000000000000000000e+00
0.000000000000000000e+00,0.000000000000000000e+00,0.000000000000000000e+00,0.000000000000000000e+00,0.000000000000000000e+00,9.118304988072228889e-01,9.441162386964745412e-01,0.000000000000000000e+00,0.000000000000000000e+00,0.000000000000000000e+00,0.000000000000000000e+00,0.000000000000000000e+00,8.868877114016122665e-01,0.000000000000000000e+00,0.000000000000000000e+00,0.000000000000000000e+00,0.000000000000000000e+00,0.000000000000000000e+00,0.000000000000000000e+00,0.000000000000000000e+00,8.712214381847505074e-01,0.000000000000000000e+00,0.000000000000000000e+00,0.000000000000000000e+00,9.006108853006860038e-01,0.000000000000000000e+00,0.000000000000000000e+00,0.000000000000000000e+00,0.000000000000000000e+00,0.000000000000000000e+00,0.000000000000000000e+00,8.692733664075298350e-01,0.000000000000000000e+00,8.715515259816033478e-01,0.000000000000000000e+00,0.000000000000000000e+00,0.000000000000000000e+00,0.000000000000000000e+00,0.000000000000000000e+00,0.000000000000000000e+00
0.000000000000000000e+00,9.447281203194884958e-01,0.000000000000000000e+00,8.749848480812785212e-01,8.930667502666841395e-01,9.297327594163012909e-01,0.000000000000000000e+00,0.000000000000000000e+00,9.551476019183694488e-01,0.000000000000000000e+00,9.217039369894128864e-01,0.000000000000000000e+00,0.000000000000000000e+00,0.000000000000000000e+00,0.000000000000000000e+00,9.822237659504898799e-01,0.000000000000000000e+00,0.000000000000000000e+00,9.589323318578500954e-01,9.616342117608915885e-01,9.664375251810070067e-01,9.589164172717439261e-01,9.605232065850489720e-01,9.419253701194719719e-01,8.629331329574398968e-01,0.000000000000000000e+00,9.409791030708216653e-01,9.439091853355279227e-01,9.755301219346794728e-01,9.368995552274212990e-01,9.134863157505416220e-01,8.954767460578703098e-01,0.000000000000000000e+00,9.411799468701388394e-01,9.759708656884418243e-01,9.837036315960626665e-01,9.453442385901221767e-01,0.000000000000000000e+00,9.111906984705514523e-01,0.000000000000000000e+00
0.000000000000000000e+00,9.143408300647093423e-01,0.000000000000000000e+00,9.162715474535114701e-01,9.280437839023712998e-01,9.546710133616416183e-01,8.925905072941324736e-01,0.000000000000000000e+00,9.656359110483967445e-01,0.000000000000000000e+00,9.351251574314773940e-01,0.000000000000000000e+00,0.000000000000000000e+00,0.000000000000000000e+00,9.822237659504898799e-01,0.000000000000000000e+00,8.626120865193244169e-01,0.000000000000000000e+00,9.412883233441726727e-01,9.685355816633361981e-01,9.799551357097182613e-01,9.608705486939745910e-01,9.615095008097781504e-01,9.398141313569370325e-01,8.887623311703067852e-01,0.000000000000000000e+00,9.494977852808702545e-01,9.196719664987468290e-01,9.605506851305876115e-01,9.499157177249027972e-01,9.135106840889134494e-01,9.440680082739500989e-01,0.000000000000000000e+00,9.638663015718937910e-01,9.664952304351360768e-01,9.736077597243404380e-01,9.455995784060045040e-01,0.000000000000000000e+00,9.012442256941840535e-01,0.000000000000000000e+00
0.000000000000000000e+00,0.000000000000000000e+00,0.000000000000000000e+00,0.000000000000000000e+00,8.890416737156389138e-01,9.196073601334271430e-01,8.769901652160506655e-01,8.846826252071635643e-01,8.591094004308044152e-01,0.000000000000000000e+00,0.000000000000000000e+00,0.000000000000000000e+00,0.000000000000000000e+00,0.000000000000000000e+00,0.000000000000000000e+00,8.626120865193244169e-01,0.000000000000000000e+00,0.000000000000000000e+00,0.000000000000000000e+00,0.000000000000000000e+00,8.936814978498162088e-01,0.000000000000000000e+00,0.000000000000000000e+00,0.000000000000000000e+00,0.000000000000000000e+00,0.000000000000000000e+00,0.000000000000000000e+00,0.000000000000000000e+00,0.000000000000000000e+00,0.000000000000000000e+00,0.000000000000000000e+00,0.000000000000000000e+00,0.000000000000000000e+00,0.000000000000000000e+00,8.783158295000917937e-01,0.000000000000000000e+00,0.000000000000000000e+00,0.000000000000000000e+00,0.000000000000000000e+00,0.000000000000000000e+00
0.000000000000000000e+00,0.000000000000000000e+00,0.000000000000000000e+00,0.000000000000000000e+00,0.000000000000000000e+00,0.000000000000000000e+00,0.000000000000000000e+00,0.000000000000000000e+00,0.000000000000000000e+00,0.000000000000000000e+00,0.000000000000000000e+00,0.000000000000000000e+00,0.000000000000000000e+00,0.000000000000000000e+00,0.000000000000000000e+00,0.000000000000000000e+00,0.000000000000000000e+00,0.000000000000000000e+00,0.000000000000000000e+00,0.000000000000000000e+00,0.000000000000000000e+00,0.000000000000000000e+00,0.000000000000000000e+00,0.000000000000000000e+00,0.000000000000000000e+00,0.000000000000000000e+00,0.000000000000000000e+00,0.000000000000000000e+00,0.000000000000000000e+00,0.000000000000000000e+00,0.000000000000000000e+00,0.000000000000000000e+00,0.000000000000000000e+00,0.000000000000000000e+00,0.000000000000000000e+00,0.000000000000000000e+00,0.000000000000000000e+00,0.000000000000000000e+00,0.000000000000000000e+00,0.000000000000000000e+00
0.000000000000000000e+00,9.586777122488099323e-01,0.000000000000000000e+00,8.647668917754646190e-01,8.795363050852099684e-01,9.111493489973798710e-01,0.000000000000000000e+00,8.548841559269730883e-01,9.437377792183244685e-01,0.000000000000000000e+00,8.514962509671369917e-01,0.000000000000000000e+00,0.000000000000000000e+00,0.000000000000000000e+00,9.589323318578500954e-01,9.412883233441726727e-01,0.000000000000000000e+00,0.000000000000000000e+00,0.000000000000000000e+00,9.193103731981991933e-01,9.463552023018679815e-01,9.133463954605970381e-01,9.367502301947548959e-01,8.807850503227625527e-01,0.000000000000000000e+00,0.000000000000000000e+00,9.134831303756770771e-01,9.607598528385035141e-01,9.475433472536923807e-01,8.830047437040324798e-01,8.862704445595583902e-01,8.582170258790822182e-01,0.000000000000000000e+00,8.669205006352205256e-01,9.656088614090263533e-01,9.673485554093780303e-01,9.048576384024318298e-01,0.000000000000000000e+00,9.092826013099890581e-01,0.000000000000000000e+00
0.000000000000000000e+00,8.893421652640337571e-01,0.000000000000000000e+00,8.652436074429507018e-01,8.534769842014049424e-01,9.117621323498473762e-01,0.000000000000000000e+00,0.000000000000000000e+00,9.177135527372169976e-01,0.000000000000000000e+00,9.218442371481857522e-01,0.000000000000000000e+00,0.000000000000000000e+00,0.000000000000000000e+00,9.616342117608915885e-01,9.685355816633361981e-01,0.000000000000000000e+00,0.000000000000000000e+00,9.193103731981991933e-01,0.000000000000000000e+00,9.376486119424044530e-01,9.409221665383399325e-01,9.191825447479546884e-01,9.401431675792047971e-01,9.244832294933346128e-01,0.000000000000000000e+00,9.363618265606640234e-01,8.835595068369556104e-01,9.354484376920551014e-01,9.531215992258597058e-01,8.953452294662049837e-01,9.052378150587102601e-01,8.694704171735676557e-01,9.521593043754557062e-01,9.521186332029570876e-01,9.364397721221601190e-01,9.413170695802375310e-01,0.000000000000000000e+00,8.739203046448817958e-01,0.000000000000000000e+00
0.000000000000000000e+00,9.225006610594349565e-01,0.000000000000000000e+00,9.051108207797372573e-01,9.427029082733535681e-01,9.848778401417902506e-01,9.214424099329615592e-01,8.904989232384957765e-01,9.547853343270225057e-01,0.000000000000000000e+00,8.883734107274355862e-01,0.000000000000000000e+00,0.000000000000000000e+00,8.712214381847505074e-01,9.664375251810070067e-01,9.799551357097182613e-01,8.936814978498162088e-01,0.000000000000000000e+00,9.463552023018679815e-01,9.376486119424044530e-01,0.000000000000000000e+00,9.263096996266075855e-01,9.534022910069683832e-01,8.858450025699170505e-01,8.660722278866141988e-01,0.000000000000000000e+00,9.111036192570269865e-01,9.222922154734013445e-01,9.335178561428565391e-01,9.111205718684318722e-01,8.758146559331875247e-01,9.323593814039377037e-01,0.000000000000000000e+00,9.271656796811322820e-01,9.706126205101320847e-01,9.613660681657774099e-01,9.036199162715259359e-01,0.000000000000000000e+00,8.856258382565906917e-01,0.000000000000000000e+00
0.000000000000000000e+00,9.079755607873880585e-01,0.000000000000000000e+00,8.977886600902389436e-01,8.543049500124018092e-01,8.744286971772532446e-01,0.000000000000000000e+00,0.000000000000000000e+00,9.123846391298089387e-01,0.000000000000000000e+00,9.252241809445688192e-01,0.000000000000000000e+00,0.000000000000000000e+00,0.000000000000000000e+00,9.589164172717439261e-01,9.608705486939745910e-01,0.000000000000000000e+00,0.000000000000000000e+00,9.133463954605970381e-01,9.409221665383399325e-01,9.263096996266075855e-01,0.000000000000000000e+00,9.446297381810052629e-01,9.531193785719813683e-01,0.000000000000000000e+00,0.000000000000000000e+00,9.582672410552272035e-01,9.125606851875722736e-01,9.499695307047359982e-01,9.205256837511711643e-01,9.482270800933952914e-01,8.953101254601933956e-01,8.741460731183965382e-01,9.294357530909710396e-01,9.217959320576933901e-01,9.596213397886413921e-01,9.652147144253250266e-01,0.000000000000000000e+00,9.151607281374982694e-01,0.000000000000000000e+00
0.000000000000000000e+00,9.183937146484152381e-01,0.000000000000000000e+00,8.700895842420861559e-01,9.150787706066352278e-01,9.086620244172484151e-01,0.000000000000000000e+00,8.511708126578999556e-01,9.585100532358369341e-01,0.000000000000000000e+00,0.000000000000000000e+00,0.000000000000000000e+00,0.000000000000000000e+00,0.000000000000000000e+00,9.605232065850489720e-01,9.615095008097781504e-01,0.000000000000000000e+00,0.000000000000000000e+00,9.367502301947548959e-01,9.191825447479546884e-01,9.534022910069683832e-01,9.446297381810052629e-01,0.000000000000000000e+00,8.877570421149403312e-01,0.000000000000000000e+00,0.000000000000000000e+00,9.180216550124846719e-01,9.524289021699159363e-01,9.289300540869116496e-01,8.862913618381809133e-01,9.094480081472361421e-01,8.565560037122412762e-01,0.000000000000000000e+00,8.940186831301421000e-01,9.609341722989497292e-01,9.738058155539016658e-01,9.125111983401207327e-01,0.000000000000000000e+00,9.094145277703297170e-01,0.000000000000000000e+00
0.000000000000000000e+00,8.687802436432012776e-01,0.000000000000000000e+00,0.000000000000000000e+00,0.000000000000000000e+00,0.000000000000000000e+00,0.000000000000000000e+00,0.000000000000000000e+00,8.837215094622362654e-01,0.000000000000000000e+00,9.642316027586979033e-01,0.000000000000000000e+00,0.000000000000000000e+00,0.000000000000000000e+00,9.419253701194719719e-01,9.398141313569370325e-01,0.000000000000000000e+00,0.000000000000000000e+00,8.807850503227625527e-01,9.401431675792047971e-01,8.858450025699170505e-01,9.531193785719813683e-01,8.877570421149403312e-01,0.000000000000000000e+00,0.000000000000000000e+00,0.000000000000000000e+00,9.500300938059033085e-01,8.697481354924628816e-01,9.535213342716766238e-01,9.192922867635362483e-01,9.266416200526232938e-01,8.674126884940029925e-01,8.912166683883985252e-01,9.361574010900353127e-01,8.876317577386630964e-01,9.283168334258143917e-01,9.414452171809484238e-01,0.000000000000000000e+00,8.501570911847974310e-01,0.000000000000000000e+00
0.000000000000000000e+00,0.000000000000000000e+00,0.000000000000000000e+00,0.000000000000000000e+00,0.000000000000000000e+00,8.739086499340020797e-01,8.557185431027439781e-01,0.000000000000000000e+00,0.000000000000000000e+00,0.000000000000000000e+00,8.595853375173659883e-01,0.000000000000000000e+00,0.000000000000000000e+00,9.006108853006860038e-01,8.629331329574398968e-01,8.887623311703067852e-01,0.000000000000000000e+00,0.000000000000000000e+00,0.000000000000000000e+00,9.244832294933346128e-01,8.660722278866141988e-01,0.000000000000000000e+00,0.000000000000000000e+00,0.000000000000000000e+00,0.000000000000000000e+00,9.297564649869084485e-01,0.000000000000000000e+00,0.000000000000000000e+00,0.000000000000000000e+00,8.919469810858686731e-01,0.000000000000000000e+00,8.655658889582455995e-01,0.000000000000000000e+00,9.356062612251249133e-01,8.605839738214718926e-01,0.000000000000000000e+00,0.000000000000000000e+00,0.000000000000000000e+00,0.000000000000000000e+00,0.000000000000000000e+00
0.000000000000000000e+00,0.000000000000000000e+00,0.000000000000000000e+00,0.000000000000000000e+00,0.000000000000000000e+00,0.000000000000000000e+00,0.000000000000000000e+00,0.000000000000000000e+00,0.000000000000000000e+00,0.000000000000000000e+00,0.000000000000000000e+00,0.000000000000000000e+00,0.000000000000000000e+00,0.000000000000000000e+00,0.000000000000000000e+00,0.000000000000000000e+00,0.000000000000000000e+00,0.000000000000000000e+00,0.000000000000000000e+00,0.000000000000000000e+00,0.000000000000000000e+00,0.000000000000000000e+00,0.000000000000000000e+00,0.000000000000000000e+00,9.297564649869084485e-01,0.000000000000000000e+00,0.000000000000000000e+00,0.000000000000000000e+00,0.000000000000000000e+00,0.000000000000000000e+00,0.000000000000000000e+00,0.000000000000000000e+00,8.605952102403441328e-01,8.821826878707307307e-01,0.000000000000000000e+00,0.000000000000000000e+00,0.000000000000000000e+00,0.000000000000000000e+00,0.000000000000000000e+00,0.000000000000000000e+00
0.000000000000000000e+00,9.086676077764727077e-01,0.000000000000000000e+00,9.071510398425378652e-01,0.000000000000000000e+00,8.713232412267427618e-01,0.000000000000000000e+00,0.000000000000000000e+00,9.267281283506190181e-01,0.000000000000000000e+00,9.293456802596269384e-01,0.000000000000000000e+00,0.000000000000000000e+00,0.000000000000000000e+00,9.409791030708216653e-01,9.494977852808702545e-01,0.000000000000000000e+00,0.000000000000000000e+00,9.134831303756770771e-01,9.363618265606640234e-01,9.111036192570269865e-01,9.582672410552272035e-01,9.180216550124846719e-01,9.500300938059033085e-01,0.000000000000000000e+00,0.000000000000000000e+00,0.000000000000000000e+00,9.195067207090866779e-01,9.468810333393282708e-01,9.330434915548803110e-01,9.611452682081040866e-01,8.921004563666289355e-01,0.000000000000000000e+00,9.006334876429022973e-01,9.177929246994426249e-01,9.569091676364713805e-01,9.653238759195128527e-01,0.000000000000000000e+00,9.206751460157727163e-01,0.000000000000000000e+00
0.000000000000000000e+00,9.729212552343479148e-01,0.000000000000000000e+00,0.000000000000000000e+00,0.000000000000000000e+00,8.750152780975209987e-01,0.000000000000000000e+00,0.000000000000000000e+00,9.305309596016340112e-01,0.000000000000000000e+00,0.000000000000000000e+00,0.000000000000000000e+00,0.000000000000000000e+00,0.000000000000000000e+00,9.439091853355279227e-01,9.196719664987468290e-01,0.000000000000000000e+00,0.000000000000000000e+00,9.607598528385035141e-01,8.835595068369556104e-01,9.222922154734013445e-01,9.125606851875722736e-01,9.524289021699159363e-01,8.697481354924628816e-01,0.000000000000000000e+00,0.000000000000000000e+00,9.195067207090866779e-01,0.000000000000000000e+00,9.323400573795790347e-01,0.000000000000000000e+00,9.279129454901837715e-01,0.000000000000000000e+00,0.000000000000000000e+00,0.000000000000000000e+00,9.469159506767549361e-01,9.784253304208846425e-01,8.999488492602806256e-01,0.000000000000000000e+00,9.413868168891603716e-01,0.000000000000000000e+00
0.000000000000000000e+00,9.286232188871579307e-01,0.000000000000000000e+00,8.679365754571992664e-01,8.675341646715559740e-01,8.910781823844948768e-01,0.000000000000000000e+00,0.000000000000000000e+00,9.426362089383761855e-01,0.000000000000000000e+00,9.384471479427797247e-01,0.000000000000000000e+00,0.000000000000000000e+00,0.000000000000000000e+00,9.755301219346794728e-01,9.605506851305876115e-01,0.000000000000000000e+00,0.000000000000000000e+00,9.475433472536923807e-01,9.354484376920551014e-01,9.335178561428565391e-01,9.499695307047359982e-01,9.289300540869116496e-01,9.535213342716766238e-01,0.000000000000000000e+00,0.000000000000000000e+00,9.468810333393282708e-01,9.323400573795790347e-01,0.000000000000000000e+00,9.373083262675327987e-01,9.104983445103260742e-01,8.764179387467722071e-01,0.000000000000000000e+00,9.194041148114138196e-01,9.501445704228036471e-01,9.738248954300049443e-01,9.460495336790103460e-01,0.000000000000000000e+00,8.843487313161713104e-01,0.000000000000000000e+00
0.000000000000000000e+00,0.000000000000000000e+00,0.000000000000000000e+00,8.858351021800094927e-01,8.800141984172410448e-01,8.871887815149195333e-01,0.000000000000000000e+00,0.000000000000000000e+00,9.304635040566707760e-01,0.000000000000000000e+00,9.320987023592467446e-01,0.000000000000000000e+00,0.000000000000000000e+00,0.000000000000000000e+00,9.368995552274212990e-01,9.499157177249027972e-01,0.000000000000000000e+00,0.000000000000000000e+00,8.830047437040324798e-01,9.531215992258597058e-01,9.111205718684318722e-01,9.205256837511711643e-01,8.862913618381809133e-01,9.192922867635362483e-01,8.919469810858686731e-01,0.000000000000000000e+00,9.330434915548803110e-01,0.000000000000000000e+00,9.373083262675327987e-01,0.000000000000000000e+00,8.511679367806102015e-01,9.011859017871394206e-01,0.000000000000000000e+00,9.426976186570624749e-01,9.275390723593789355e-01,9.206206546368331800e-01,9.482516296044843918e-01,0.000000000000000000e+00,8.571522825867976536e-01,0.000000000000000000e+00
0.000000000000000000e+00,9.032999238104629791e-01,0.000000000000000000e+00,8.677315253340932566e-01,0.000000000000000000e+00,0.000000000000000000e+00,0.000000000000000000e+00,0.000000000000000000e+00,8.781084315672644802e-01,0.000000000000000000e+00,8.761058606903315837e-01,0.000000000000000000e+00,0.000000000000000000e+00,0.000000000000000000e+00,9.134863157505416220e-01,9.135106840889134494e-01,0.000000000000000000e+00,0.000000000000000000e+00,8.862704445595583902e-01,8.953452294662049837e-01,8.758146559331875247e-01,9.482270800933952914e-01,9.094480081472361421e-01,9.266416200526232938e-01,0.000000000000000000e+00,0.000000000000000000e+00,9.611452682081040866e-01,9.279129454901837715e-01,9.104983445103260742e-01,8.511679367806102015e-01,0.000000000000000000e+00,0.000000000000000000e+00,0.000000000000000000e+00,0.000000000000000000e+00,8.715620622040575194e-01,9.392149591870132541e-01,9.373743048160414482e-01,0.000000000000000000e+00,9.358104472818099540e-01,0.000000000000000000e+00
0.000000000000000000e+00,0.000000000000000000e+00,0.000000000000000000e+00,9.405932294878306399e-01,8.970285169429182970e-01,9.351005380064528749e-01,9.258908709826361161e-01,0.000000000000000000e+00,8.868047940263537043e-01,8.620154176835258530e-01,9.048064278815933781e-01,0.000000000000000000e+00,8.705262762672503207e-01,8.692733664075298350e-01,8.954767460578703098e-01,9.440680082739500989e-01,0.000000000000000000e+00,0.000000000000000000e+00,8.582170258790822182e-01,9.052378150587102601e-01,9.323593814039377037e-01,8.953101254601933956e-01,8.565560037122412762e-01,8.674126884940029925e-01,8.655658889582455995e-01,0.000000000000000000e+00,8.921004563666289355e-01,0.000000000000000000e+00,8.764179387467722071e-01,9.011859017871394206e-01,0.000000000000000000e+00,0.000000000000000000e+00,0.000000000000000000e+00,9.205822892530496349e-01,8.730930939184921025e-01,8.846099703094559841e-01,8.806589337240146032e-01,0.000000000000000000e+00,0.000000000000000000e+00,0.000000000000000000e+00
0.000000000000000000e+00,0.000000000000000000e+00,0.000000000000000000e+00,0.000000000000000000e+00,0.000000000000000000e+00,0.000000000000000000e+00,0.000000000000000000e+00,0.000000000000000000e+00,0.000000000000000000e+00,0.000000000000000000e+00,8.617425558660343210e-01,0.000000000000000000e+00,0.000000000000000000e+00,0.000000000000000000e+00,0.000000000000000000e+00,0.000000000000000000e+00,0.000000000000000000e+00,0.000000000000000000e+00,0.000000000000000000e+00,8.694704171735676557e-01,0.000000000000000000e+00,8.741460731183965382e-01,0.000000000000000000e+00,8.912166683883985252e-01,0.000000000000000000e+00,8.605952102403441328e-01,0.000000000000000000e+00,0.000000000000000000e+00,0.000000000000000000e+00,0.000000000000000000e+00,0.000000000000000000e+00,0.000000000000000000e+00,0.000000000000000000e+00,8.849802579930943214e-01,0.000000000000000000e+00,0.000000000000000000e+00,8.600642217959755254e-01,0.000000000000000000e+00,0.000000000000000000e+00,0.000000000000000000e+00
0.000000000000000000e+00,0.000000000000000000e+00,0.000000000000000000e+00,8.624619105552764342e-01,8.848723277859421588e-01,9.089829081999194482e-01,8.798927486599550374e-01,0.000000000000000000e+00,9.111682614901441823e-01,0.000000000000000000e+00,9.515225658837135336e-01,0.000000000000000000e+00,0.000000000000000000e+00,8.715515259816033478e-01,9.411799468701388394e-01,9.638663015718937910e-01,0.000000000000000000e+00,0.000000000000000000e+00,8.669205006352205256e-01,9.521593043754557062e-01,9.271656796811322820e-01,9.294357530909710396e-01,8.940186831301421000e-01,9.361574010900353127e-01,9.356062612251249133e-01,8.821826878707307307e-01,9.006334876429022973e-01,0.000000000000000000e+00,9.194041148114138196e-01,9.426976186570624749e-01,0.000000000000000000e+00,9.205822892530496349e-01,8.849802579930943214e-01,0.000000000000000000e+00,9.037122429719909311e-01,9.017609148003181696e-01,9.122512699160134630e-01,0.000000000000000000e+00,0.000000000000000000e+00,0.000000000000000000e+00
0.000000000000000000e+00,9.445684418625799328e-01,0.000000000000000000e+00,8.570123733382322140e-01,9.123884163097192301e-01,9.386547811921706064e-01,0.000000000000000000e+00,8.616711393714603373e-01,9.589490988926674397e-01,0.000000000000000000e+00,8.695111368638706040e-01,0.000000000000000000e+00,0.000000000000000000e+00,0.000000000000000000e+00,9.759708656884418243e-01,9.664952304351360768e-01,8.783158295000917937e-01,0.000000000000000000e+00,9.656088614090263533e-01,9.521186332029570876e-01,9.706126205101320847e-01,9.217959320576933901e-01,9.609341722989497292e-01,8.876317577386630964e-01,8.605839738214718926e-01,0.000000000000000000e+00,9.177929246994426249e-01,9.469159506767549361e-01,9.501445704228036471e-01,9.275390723593789355e-01,8.715620622040575194e-01,8.730930939184921025e-01,0.000000000000000000e+00,9.037122429719909311e-01,0.000000000000000000e+00,9.721724588432127945e-01,9.140520932748655847e-01,0.000000000000000000e+00,8.943752706039473921e-01,0.000000000000000000e+00
0.000000000000000000e+00,9.629025899532286381e-01,0.000000000000000000e+00,9.009581083517957945e-01,8.960205317242251333e-01,9.195779052296723100e-01,0.000000000000000000e+00,0.000000000000000000e+00,9.672698995238014907e-01,0.000000000000000000e+00,8.967100948355162249e-01,0.000000000000000000e+00,0.000000000000000000e+00,0.000000000000000000e+00,9.837036315960626665e-01,9.736077597243404380e-01,0.000000000000000000e+00,0.000000000000000000e+00,9.673485554093780303e-01,9.364397721221601190e-01,9.613660681657774099e-01,9.596213397886413921e-01,9.738058155539016658e-01,9.283168334258143917e-01,0.000000000000000000e+00,0.000000000000000000e+00,9.569091676364713805e-01,9.784253304208846425e-01,9.738248954300049443e-01,9.206206546368331800e-01,9.392149591870132541e-01,8.846099703094559841e-01,0.000000000000000000e+00,9.017609148003181696e-01,9.721724588432127945e-01,0.000000000000000000e+00,9.458918428208693552e-01,0.000000000000000000e+00,9.406785439156545303e-01,0.000000000000000000e+00
0.000000000000000000e+00,8.832448533998434881e-01,0.000000000000000000e+00,8.849258736272451742e-01,0.000000000000000000e+00,8.564500423228492698e-01,0.000000000000000000e+00,0.000000000000000000e+00,9.194489704969889265e-01,0.000000000000000000e+00,9.144633617994623043e-01,0.000000000000000000e+00,0.000000000000000000e+00,0.000000000000000000e+00,9.453442385901221767e-01,9.455995784060045040e-01,0.000000000000000000e+00,0.000000000000000000e+00,9.048576384024318298e-01,9.413170695802375310e-01,9.036199162715259359e-01,9.652147144253250266e-01,9.125111983401207327e-01,9.414452171809484238e-01,0.000000000000000000e+00,0.000000000000000000e+00,9.653238759195128527e-01,8.999488492602806256e-01,9.460495336790103460e-01,9.482516296044843918e-01,9.373743048160414482e-01,8.806589337240146032e-01,8.600642217959755254e-01,9.122512699160134630e-01,9.140520932748655847e-01,9.458918428208693552e-01,0.000000000000000000e+00,0.000000000000000000e+00,9.224383850942080576e-01,0.000000000000000000e+00
0.000000000000000000e+00,0.000000000000000000e+00,8.613679265063068913e-01,0.000000000000000000e+00,0.000000000000000000e+00,0.000000000000000000e+00,0.000000000000000000e+00,0.000000000000000000e+00,0.000000000000000000e+00,0.000000000000000000e+00,0.000000000000000000e+00,0.000000000000000000e+00,0.000000000000000000e+00,0.000000000000000000e+00,0.000000000000000000e+00,0.000000000000000000e+00,0.000000000000000000e+00,0.000000000000000000e+00,0.000000000000000000e+00,0.000000000000000000e+00,0.000000000000000000e+00,0.000000000000000000e+00,0.000000000000000000e+00,0.000000000000000000e+00,0.000000000000000000e+00,0.000000000000000000e+00,0.000000000000000000e+00,0.000000000000000000e+00,0.000000000000000000e+00,0.000000000000000000e+00,0.000000000000000000e+00,0.000000000000000000e+00,0.000000000000000000e+00,0.000000000000000000e+00,0.000000000000000000e+00,0.000000000000000000e+00,0.000000000000000000e+00,0.000000000000000000e+00,0.000000000000000000e+00,0.000000000000000000e+00
0.000000000000000000e+00,9.288262582486777053e-01,0.000000000000000000e+00,8.996798817015614347e-01,0.000000000000000000e+00,0.000000000000000000e+00,0.000000000000000000e+00,0.000000000000000000e+00,8.972032195723136372e-01,0.000000000000000000e+00,0.000000000000000000e+00,0.000000000000000000e+00,0.000000000000000000e+00,0.000000000000000000e+00,9.111906984705514523e-01,9.012442256941840535e-01,0.000000000000000000e+00,0.000000000000000000e+00,9.092826013099890581e-01,8.739203046448817958e-01,8.856258382565906917e-01,9.151607281374982694e-01,9.094145277703297170e-01,8.501570911847974310e-01,0.000000000000000000e+00,0.000000000000000000e+00,9.206751460157727163e-01,9.413868168891603716e-01,8.843487313161713104e-01,8.571522825867976536e-01,9.358104472818099540e-01,0.000000000000000000e+00,0.000000000000000000e+00,0.000000000000000000e+00,8.943752706039473921e-01,9.406785439156545303e-01,9.224383850942080576e-01,0.000000000000000000e+00,0.000000000000000000e+00,0.000000000000000000e+00
0.000000000000000000e+00,0.000000000000000000e+00,0.000000000000000000e+00,0.000000000000000000e+00,0.000000000000000000e+00,0.000000000000000000e+00,0.000000000000000000e+00,0.000000000000000000e+00,0.000000000000000000e+00,0.000000000000000000e+00,0.000000000000000000e+00,0.000000000000000000e+00,0.000000000000000000e+00,0.000000000000000000e+00,0.000000000000000000e+00,0.000000000000000000e+00,0.000000000000000000e+00,0.000000000000000000e+00,0.000000000000000000e+00,0.000000000000000000e+00,0.000000000000000000e+00,0.000000000000000000e+00,0.000000000000000000e+00,0.000000000000000000e+00,0.000000000000000000e+00,0.000000000000000000e+00,0.000000000000000000e+00,0.000000000000000000e+00,0.000000000000000000e+00,0.000000000000000000e+00,0.000000000000000000e+00,0.000000000000000000e+00,0.000000000000000000e+00,0.000000000000000000e+00,0.000000000000000000e+00,0.000000000000000000e+00,0.000000000000000000e+00,0.000000000000000000e+00,0.000000000000000000e+00,0.000000000000000000e+00
